474135010091
474135010080
474134000012
474134000010
474134000011
474133010015
474133010016
474132000039
474131010000
474131010011
474131010012
474133020050
474133020050
474133020050
474132023140
474132000034
474132000016
474132000022
474131051910
474133054620
474133053120
474132021140
474133053370
474133053390
474132021070
474133051910
474133053400
474133052650
474133052630
474133052620
474133052640
474132020960
474133052610
474133053020
474131050040
474133052530
474132020910
474133051500
474136081120
474131050390
474133052280
474133052820
474133053130
474133053140
474133053150
474133053160
474133053170
474133053180
474133053270
474132021130
474132021080
474133051900
474132021120
474133052720
474133053380
474133051840
474133051800
474132021300
474132021200
474135010021
474135021000
474133050960
474132020340
474133051780
474133051710
474133052000
474136081110
474133051750
474133051740
474132020900
474133051730
474133053280
474133053110
474133053190
474133053330
474133054610
474133053100
474133053090
474131051310
474133052460
474133051850
474133052450
474132021090
474133052440
474132021030
474133052570
474133051790
474133051460
474131050080
474131050350
474135021030
474133052600
474133051720
474132020390
474131051440
474135020990
474131051690
474135021040
474133052980
474135021120
474133051510
474131050030
474131051610
474131051210
474131050400
474133053080
474133053320
474131AC0000
474133053290
474133053300
474132021110
474132021100
474133053360
474133053060
474133051860
474132021000
474133051890
474131051410
474133051810
474133052790
474133051770
474133051960
474132022020
474133052190
474133050920
474132020890
474133053550
474133052010
474133053540
474136081100
474133053530
474133053520
474133053510
474133053500
474133053490
474133052270
474133053480
474133053470
474133051340
474133051350
474132020250
474131051990
474132020240
474132020260
474132020230
474132020220
474132020210
474133051360
474132020200
474133051070
474133052760
474133051920
474133051870
474133051000
474133051010
474133051880
474132022030
474132020950
474132021290
474131051240
474131051650
474131051660
474132022010
474133052830
474132020400
474133053460
474133053450
474132021840
474132021850
474133053440
474133053430
474133053420
474132020880
474133053310
474132020190
474132020180
474132020170
474132020160
474133052380
474132020150
474132020140
474133052390
474132020130
474133051370
474132020120
474133052400
474133052470
474131051360
474133051060
474133051020
474133050990
474133051090
474133051080
474132021210
474133052300
474132020350
474131050360
474133053010
474133051470
474131050070