0101000000020
0101000000022
0101000000026
0101000000028
0101000000030
0101000000120
0101000000125
0101000000150
0101000000260
0101000000270
0101000000280
0101000000292
0101000000310
0101000000320
0101000000380
0101000000520
0101000000521
0101000000522
0101000000523
0101000000525
0101000000540
0101000000550
0101000000555
0101000000560
0101000000590
0101000000600
0101010001010
0101010001011
0101010001020
0101010001030
0101010001040
0101010102020
0101010102030
0101010102031
0101010201010
0101010401010
0101010401020
0101010401030
0101010401040
0101010401050
0101010401060
0101010401070
0101010401080
0101010401090
0101010401160
0101010401210
0101010501020
0101010501030
0101010501040
0101010501050
0101010501060
0101010501070
0101010501080
0101010501090
0101010501100
0101010501110
0101010501120
0101010601010
0101010601020
0101010601030
0101010601050
0101010601051
0101010601084
0101010601100
0101010601120
0101010601130
0101010601140
0101010601160
0101010601170
0101010601200
0101010701010
0101010701011
0101010701015
0101010701020
0101010701025
0101010701030
0101010701031
0101010701040
0101010701041
0101010701042
0101010701045
0101010701050
0101010701060
0101010701061
0101010701070
0101010701080
0101010701090
0101010701100
0101010701110
0101010701120
0101010801010
0101010801011
0101010801015
0101010801020
0101010801030
0101010801040
0101010801060
0101010801070
0101010801080
0101010801100
0101010801130
0101010801140
0101010801150
0101010801160
0101010901011
0101010901132
0101010901135
0101010901140
0101010901142
0101010901143
0101020001010
0101020301010
0101020301020
0101020301030
0101020301040
0101020301050
0101020301060
0101020301070
0101020301075
0101020301080
0101020301090
0101020301100
0101020301110
0101020301120
0101020301130
0101020301140
0101020301150
0101020301160
0101020301170
0101020301180
0101020301190
0101020301200
0101020301210
0101020301220
0101020401020
0101020501012
0101020501020
0101020501030
0101020501041
0101020501060
0101020501172
0101020501180
0101020501190
0101020601010
0101020601020
0101020601021
0101020601030
0101020601040
0101020601060
0101020601070
0101020601080
0101020601090
0101020601100
0101020601120
0101020601130
0101020601140
0101020601150
0101020601160
0101020601170
0101020601180
0101020601190
0101020601200
0101020601210
0101020601220
0101020601230
0101020601240
0101020601250
0101020601260
0101020601270
0101020701040
0101020701041
0101020701042
0101020701043
0101020701050
0101020701060
0101020701190
0101020701210
0101020801010
0101020801011
0101020801012
0101020801020
0101020801030
0101020801040
0101020801049
0101020801050
0101020801060
0101020801070
0101020801080
0101030301010
0101030301020
0101030301030
0101030301050
0101030301060
0101030301070
0101030301080
0101030401010
0101030401030
0101030401090
0101030401100
0101030401110