282224756202060
282224756205100
282224756010010
282224756412060
282224059302400
282224756412160
282224756407010
282224616401090
282224616402160
282224616403160
282224616403080
282224616404160
282224616404080
282224626402170
282224059201350
282224059201340
282224059201330
282224059201320
282224059201310
282224059203070
282224059201300
282224059201290
282224756204050
282224756605050
282224059500450
282224756206100
282224757602020
282224756005160
282224757601020
282224756003510
282224756001080
282224756003490
282224756002080
282224756002200
282224756003520
282224059201040
282224059201080
282224757317030
282224757420070
282224757315030
282224757315460
282224757315470
282224757315480
282224059203020
282224757315180
282224059500340
282224059500330
282224059500320
282224059500310
282224756408200
282224757315241
282224757317040
282224757315200
282224757501050
282224059402090
282224059402030
282224756003550
282224756003090
282224756003270
282224757601060
282224756001040
282224756003060
282224756003590
282224756002020
282224353500300
282224756003050
282224756001020
282225642414251
282225642414252
282225642414121
282225818900632
282225642414132
282225642415250
282225642014052
282225642416120
282225642417250
282224061403210
282224061403020
282224061402350
282224616402070
282224616401180
282224616402180
282224616403171
282224616403070
282224616404180
282224616404070
282224626402180
282224061403200
282224061403030
282224626402060
282224061402340
282224061402030
282224616401190
282225642009180
282225642009152
282225642010150
282225642413120
282225642413051
282225818900662
282225642410170
292225101202100
292225052000100
292225251600010
292225864005101
292225864005090
292225242605051
292225864006060
292225251200050
292225864003020
292225242602171
292225566800041
292225242602021
292225251200200
292219694402100
292219694603140
292219694602130
292219694404050
292219694602100
292219960000011
292225566800081
292225864004100
292225251900010
292225270801040
292225415200221
292225931203140
292225872000062
292225270802110
292225116804000
292225270802030
292225931204121
292225931202300
292225456600010
292225840200090
292225500802030
292225500808070
292225295000030
292225854700010
292225500801110
292219694607010
292219696008020
292225645300060
292225500807150
292225645300200
292223371602050
292223573200090
292223949601190
292223800002130
292223800002140
292223949602120
292223950000090
292223950000161
292223800002280
292223800002270
292223606400070
292223390004090
292223795600160
292223606400210
292223000000062
292223415800020
292223000000055
292223001207010
292223001203030
292223298002021
292223764800050
292223298002090
292223001207120
292223001201130
292223001204210
292223424000140
292223424000011
292223424000190
292223001601090
292223000000004
292223406402020
292223000000011
292223000000012
292223391203090
292223424900020
292223001000010
292223001206140
292223391201251
292223000000037
292223929500021
292223282004030
292223241002130
292223107200060
292223241003040
292223883000001
292223000800111
292223130000880
292223241006130
292223240001080
292223240004030
292223075600022
292223000000080
292223240400100
292223736700020
292223172000060
292223160202050
292223160202121
282132025000250
282132025000360
282132025000110
282132025000430
282132025000350
282132025000240
272333000000016
302305736803330
302305736803350
292223944400170
272201717102200
272201717102210
272201717102220
272201717102230
272201717102240
272201717102250
272201717102260
272201717102500
272201717102290
272201717102170
272201717102490
272201717102300
272201717116502
272201717101052
272201717102160
272201717101920
272201717102340
272201717102330
272201717102320
312230238601640
312230238601630
312230238600790
312230238601260
312230238601620
312230238600800
312230238601250
312230238601610
312230238600810
312230238601240
312230238615012
312230238601600
312230238600820
312230238601230
312230238601430
312230238601590
312230238601440
312230238600830
312230238601220
312230238601580
312230238601450
312230238600840
312230238601210
312230238601570
282132025000870
282132025000690
282132025000970
282132025000580
282132025000920
282132025000680
282132025000860
282132025000760
282132025000960
282132025000590
282132025000007
282132025000930
282132025000670
282132025000850
282132025000600
282132025000770
282132025000660
282132025000940
282132025000610
282132025000780
282132025000840
282132025000650
282132025000620
272201717101620
272201717101570
272201717101610
272201717101600
272201717101590
272201717101700
272201717101580
272201717115011
272201717118010
272201717101690
272201717101630
272201717101640
272201717101650
272201717101660
272201717101670
272201717101680
272201717115012
272201717118006
282236373003000
282236373000001
282236373004000
282236373001000
272016369101300
272016369101290
