06434704470010030
06434704470010040
06434704470010050
06434704470010070
52434205310010000
30424124020010000
00424609230020000
30424124020030000
00424530030150000
06424736010470301
56434228000030140
00424329050000620
18424410000001390
50434335030000173
00394431010011010
12434621400010000
08434532010010060
52424213220010000
00424327050060261
50434310030000231
00424441020010062
12434609280030132
30434106420090000
00424517100190010
10434405010020092
52434131200070081
00424429160000772
00424718170010000
52424211280050000
00424412090020174
00424719340020010
06424736010460170
74434329000001380
00424716110010000
00424329070040000
00424402000001620
72424331090190000
74424312030000040
73404337000000012
00424513040010050
52424201190010030
00424720180020010
30424124040150250
00424730140000173
12434616P20010022
38434416220000442
30434106420090000
08434528220100222
50434323050210172
08434507010020192
00424533130150000
74434316010050143
18424422000005290
52424223010001460
06424704070000492
52424201190010030
06424725320030151
30434107090040000
00424626080000322
06424711010010572
08434509130040111
00424323040120010
52424212000001150
00424616190010000
52424126080003161
73414411090000282
00424429040000582
06424704250000900
73414418010000010
06434704470010060
06424702090010000
48374218110000021
30434106020000021
08434533250010000
06434704470010020
00424425140060012
00424327050070112
00414512030120071
00424609180010000
08434529000001010
30424111050030000
00424719030030312
48374219010000241
00424517040020000
73414404010610041
08434604380000400
08434604380000410
74414224060010090
00424332110010010
24434704000060330
00414636010160000
52424136070010000
56434233070090011
00424430090120000
12434616F30020000
50434310030000210
52424202090020000
04374331010060100
00434129330150010
00414636010160000
12434629460000342
12434629460000352
00384125000007020
06434705170010212
08434521400020020
34434408060040039
06434707020260113
00424106000001130
52424202090020000
56434233060030261
12434616010710190
70434419000001020
30434108040000252
00424134050010000
52434207300090000
12434616010930370
00424434100000611
52424211330020020
50434315080000500
74424311020010000
74424311020010000
00434604000010510
06424736010470011
00424434100000612
00424527220150020
58364414070000343
00424426160000050
74434334140000231
12424612160010000
50434315000040010
52434207300090000
52424136100140031
00424602120010000
00434329250020010
00424127240150000
12424612160010000
52424136140180040
18424422470010000
18424415330030010
52424211220080000
00394207000001010
12434620610030000
74424312030000040
56434232000007090
30424112060001061
38434421020340093
00434129150010000
74424312030000040
52434207300010000
52434207300010000
00424715110010000
74424302050020000
00424518020040000
30424113230140000
00424609100150042
06434707020260112
70434408040000462
72414323190150000
00424602120010000
00424718180010000
52424211200050000
52424125140190010
50434335030000171
06434730400000151
34434417170000122
12424613310020000
73414404010610042
74434304020000432
74434328050002871
08434515110010010
08434515110010020
08434515110010030
08434515110010040
08434515110010050
08434515110010060
08434515110010070
00424721080010000
08434515110020010
08434515110020020
08434515110020030
08434515110020040
08434515110020050
08434515110020060
08434515110020070
08434515110030010
08434515110030020
08434515110030030
08434515110030040
08434515110030050
08434515110030060
08434515110030070
12424612090040000
08434515110040010
08434515110040020
08434515110040030
08434515110040040
08434515110040050
08434515110040060
08434515110040070
30434106510040000