272036000000050
272024000000102
272017315300001
272008855905070
272008552200002
272230239200041
272227000000097
272224525601160
272220610865031
272335543200000
272334831500103
272327812519006
272327812819003
272326476200001
272326161200004
272326476300005
272325000000022
272323844510000
272323844500007
272323642000009
272322812319005
272321813202006
272321813202003
272316000000012
272315839100004
272314110900001
272314110900004
272310838900002
272310839414000
272310839000006
272302845501001
272429610100001
282036852500001
282036921200002
282036862000001
282036347000002
282027000000017
282016761207100
282005000000013
282005000000031
282136520900002
282136000000053
282134000000080
282133000000038
282127000000011
282126100300001
282124318200090
282124000000046
282122000000124
282115754000754
282115136400700
282112909600002
282112468400002
282111908300002
282109590802021
282102862400002
282102728400002
282102764400001
282101908000001
282235883800002
282234887700001
282234549500001
282234652500004
282227883900001
282226943200001
282225035210000
282224059302420
282221766800180
282215471600001
282214296200003
282211415200001
282212642500005
282210185000002
282202756500001
282202311800001
282201924500002
282201410100001
282334888000013
282326825700004
282326000000014
282316390500003
282315387100007
282314795800003
282314356800002
282310146300003
282310146300001
282309405000001
282304823900002
282304945400004
282436535900361
282436535900381
282422889500005
282415787600040
282405000000013
282405584401191
282403784400003
282402784300001
292133000000137
292133000000023
292132000000140
292132135900001
292129433200002
292129143700001
292129494200001
292129485100003
292129935800002
292128747214020
292128138300001
292234916817010
292232460802180
292228000000185
292226621900011
292225932006030
292218253509000
292218757900002
292217592905101
292203219200520
292204876403150
292202299600010
292333726800102
292329000000006
292324019204050
292323467400131
292322726807014
292321536100041
292321536100011
292316400900003
292316945600002
292312397200001
292312731200007
292309940323001
292308862500010
292303000000007
292303018274170
292436931100001
292436285500001
292435931400003
292433320200002
292433320200003
292431386713000
292427000000004
292424601000001
292423822119030
292421683600001
292421201800004
292420347800002
292420347700001
292416811203340
292416925000004
302225000000061
302225000000020
292414737000040
292413387400001
292413387500004
292412379200011
292409726800391
292407508500981
292406716900020
292404640202000
292401851640600
302227000000130
302227286100001
302226797200001
302224392700001
302223232001060
302223000000140
302223283300005
302223134300001
302223000000138
302223000000118
302222320900001
302222419800001
302215000000038
302214000000015
302214254201050
302214254201040
302214254201020
302214024707041
302214864400240
302214000000028
302212337600002
302212385000002
302211882000001
302211181800002
302210000000061
302209942800000
302202157200170
302202000000061
302201906900001
302324897700006
302315168100241
302313233500001
302312129714000
302311705700002
302311685100001
302310303200811
302309443300021
302308937700003
302305316401023
302301090700001